0 1 4
2 3 7
2 4 8
2 7 6
7 8 4
7 16 6
5 6 7
5 8 3
5 9 10
9 12 2
16 17 3
16 18 8
12 13 1
12 14 10
10 11 4
10 22 7
10 77 1
11 44 7
22 44 3
22 58 7
22 69 2
77 76 9
77 197 8
44 45 10
44 51 3
14 15 1
14 20 3
20 19 4
20 24 8
18 24 6
24 23 10
19 21 3
19 23 3
19 25 9
23 38 10
25 26 8
25 29 4
58 50 7
58 70 2
69 70 3
69 76 10
69 83 4
38 39 2
38 52 10
26 37 5
29 27 8
37 36 9
27 28 5
27 30 6
30 31 1
30 32 4
32 33 7
32 34 2
34 35 1
34 36 7
36 40 4
40 45 3
40 67 1
52 53 7
52 71 2
52 132 6
41 42 6
41 43 5
41 57 8
57 56 7
57 64 6
57 75 7
51 50 10
46 47 4
46 56 8
46 59 5
47 55 6
47 60 3
56 65 6
59 60 5
59 65 8
59 68 5
55 49 5
55 54 4
60 54 1
48 49 8
48 54 9
48 63 7
54 62 9
63 62 9
50 61 5
61 70 4
61 81 2
71 72 5
132 151 10
132 152 3
62 68 1
65 75 7
65 78 9
64 66 10
64 80 3
75 80 7
75 82 7
70 93 5
68 78 10
81 79 6
81 93 1
81 95 5
66 73 9
66 86 8
80 86 2
80 87 8
78 82 3
73 74 8
73 79 3
86 89 3
86 94 7
76 88 2
76 198 1
83 88 7
83 92 2
93 92 6
79 89 10
82 87 5
82 106 10
88 96 1
198 197 10
89 95 2
89 97 8
87 94 8
87 99 2
95 101 2
95 102 6
106 105 10
92 96 8
92 98 8
84 85 7
94 97 8
94 108 4
99 100 7
99 105 6
96 103 7
96 104 4
97 102 10
97 107 5
90 91 9
98 101 2
98 104 3
108 100 10
108 107 4
108 110 10
101 112 1
102 111 9
102 113 9
103 115 6
103 124 1
104 115 10
104 120 7
107 113 4
100 109 9
109 110 6
109 118 7
112 111 2
111 119 2
111 122 6
113 114 10
113 121 9
115 120 5
115 123 9
115 128 2
124 123 1
120 119 4
118 116 1
119 125 5
122 121 5
122 125 5
122 127 5
121 126 8
123 136 7
128 125 4
128 138 2
116 117 8
116 133 6
125 129 10
126 127 7
126 130 3
127 129 2
127 134 8
136 135 9
129 137 6
130 131 8
130 134 5
134 137 2
134 142 9
138 137 6
138 144 10
137 145 8
151 153 6
151 156 4
152 153 9
152 154 9
142 141 4
142 145 2
145 143 9
144 143 10
144 177 7
139 140 5
141 143 4
146 147 4
146 148 4
146 149 9
147 148 7
147 150 1
149 150 5
149 161 9
161 175 9
156 155 9
153 154 10
155 157 8
155 166 8
157 162 7
157 170 5
166 165 4
170 171 1
158 159 4
158 160 1
175 173 10
175 178 3
163 164 6
163 165 5
163 180 1
164 180 6
165 171 10
180 179 5
167 168 7
167 169 10
167 172 3
172 176 3
176 173 5
176 178 8
173 174 8
178 181 6
181 182 5
181 183 9
179 184 2
179 185 3
185 183 9
185 186 10
186 187 4
186 188 7
188 194 9
194 195 1
189 190 3
189 191 2
189 193 1
193 192 6
192 196 2
196 195 2
199 200 1
199 205 9
199 206 6
206 207 1
206 210 7
205 204 5
201 202 7
201 203 3
201 204 6
201 213 9
202 208 7
204 210 3
204 212 9
213 208 5
213 212 8
213 222 3
208 209 5
208 214 1
210 211 7
210 215 3
212 215 10
212 221 10
214 222 1
211 220 9
211 223 2
215 223 4
215 226 2
223 229 2
223 231 1
220 218 4
220 231 5
221 222 1
221 226 4
221 243 10
226 229 2
216 217 10
216 225 7
216 227 10
217 219 4
217 224 4
225 228 9
225 233 1
227 224 6
227 233 7
227 236 7
224 218 5
224 234 1
219 218 1
218 230 5
230 231 7
230 234 3
230 237 7
231 238 8
243 241 6
229 238 7
234 236 10
234 239 9
228 232 8
228 235 3
233 235 9
233 240 3
236 240 10
235 244 10
238 237 7
237 239 1
240 244 3
240 245 8
239 245 7
244 246 2
245 246 4
241 242 3
247 248 2
247 249 6
0